xn = [
0.0 , 1.0 , 2.0 , 3.0 , 4.0 , 5.0 , 6.0 , 7.0 , 8.0 , 9.0 , 10.0 , 11.0 , 12.0 , 13.0 , 14.0 , 15.0 , 16.0 , 17.0 , 18.0 , 19.0 , 20.0 , 21.0 , 22.0 , 23.0 , 24.0 , 25.0 , 26.0 , 27.0 , 28.0 , 29.0 , 30.0 , 31.0 , ;
-0.5 , 0.5 , 1.5 , 2.5 , 3.5 , 4.5 , 5.5 , 6.5 , 7.5 , 8.5 , 9.5 , 10.5 , 11.5 , 12.5 , 13.5 , 14.5 , 15.5 , 16.5 , 17.5 , 18.5 , 19.5 , 20.5 , 21.5 , 22.5 , 23.5 , 24.5 , 25.5 , 26.5 , 27.5 , 28.5 , 29.5 , 30.5 , ;
-1.0 , 0.0 , 1.0 , 2.0 , 3.0 , 4.0 , 5.0 , 6.0 , 7.0 , 8.0 , 9.0 , 10.0 , 11.0 , 12.0 , 13.0 , 14.0 , 15.0 , 16.0 , 17.0 , 18.0 , 19.0 , 20.0 , 21.0 , 22.0 , 23.0 , 24.0 , 25.0 , 26.0 , 27.0 , 28.0 , 29.0 , 30.0 , ;
-1.5 , -0.5 , 0.5 , 1.5 , 2.5 , 3.5 , 4.5 , 5.5 , 6.5 , 7.5 , 8.5 , 9.5 , 10.5 , 11.5 , 12.5 , 13.5 , 14.5 , 15.5 , 16.5 , 17.5 , 18.5 , 19.5 , 20.5 , 21.5 , 22.5 , 23.5 , 24.5 , 25.5 , 26.5 , 27.5 , 28.5 , 29.5 , ;
-2.0 , -1.0 , 0.0 , 1.0 , 2.0 , 3.0 , 4.0 , 5.0 , 6.0 , 7.0 , 8.0 , 9.0 , 10.0 , 11.0 , 12.0 , 13.0 , 14.0 , 15.0 , 16.0 , 17.0 , 18.0 , 19.0 , 20.0 , 21.0 , 22.0 , 23.0 , 24.0 , 25.0 , 26.0 , 27.0 , 28.0 , 29.0 , ;
-2.5 , -1.5 , -0.5 , 0.5 , 1.5 , 2.5 , 3.5 , 4.5 , 5.5 , 6.5 , 7.5 , 8.5 , 9.5 , 10.5 , 11.5 , 12.5 , 13.5 , 14.5 , 15.5 , 16.5 , 17.5 , 18.5 , 19.5 , 20.5 , 21.5 , 22.5 , 23.5 , 24.5 , 25.5 , 26.5 , 27.5 , 28.5 , ;
-3.0 , -2.0 , -1.0 , 0.0 , 1.0 , 2.0 , 3.0 , 4.0 , 5.0 , 6.0 , 7.0 , 8.0 , 9.0 , 10.0 , 11.0 , 12.0 , 13.0 , 14.0 , 15.0 , 16.0 , 17.0 , 18.0 , 19.0 , 20.0 , 21.0 , 22.0 , 23.0 , 24.0 , 25.0 , 26.0 , 27.0 , 28.0 , ;
-3.5 , -2.5 , -1.5 , -0.5 , 0.5 , 1.5 , 2.5 , 3.5 , 4.5 , 5.5 , 6.5 , 7.5 , 8.5 , 9.5 , 10.5 , 11.5 , 12.5 , 13.5 , 14.5 , 15.5 , 16.5 , 17.5 , 18.5 , 19.5 , 20.5 , 21.5 , 22.5 , 23.5 , 24.5 , 25.5 , 26.5 , 27.5 , ;
-4.0 , -3.0 , -2.0 , -1.0 , 0.0 , 1.0 , 2.0 , 3.0 , 4.0 , 5.0 , 6.0 , 7.0 , 8.0 , 9.0 , 10.0 , 11.0 , 12.0 , 13.0 , 14.0 , 15.0 , 16.0 , 17.0 , 18.0 , 19.0 , 20.0 , 21.0 , 22.0 , 23.0 , 24.0 , 25.0 , 26.0 , 27.0 , ;
-4.5 , -3.5 , -2.5 , -1.5 , -0.5 , 0.5 , 1.5 , 2.5 , 3.5 , 4.5 , 5.5 , 6.5 , 7.5 , 8.5 , 9.5 , 10.5 , 11.5 , 12.5 , 13.5 , 14.5 , 15.5 , 16.5 , 17.5 , 18.5 , 19.5 , 20.5 , 21.5 , 22.5 , 23.5 , 24.5 , 25.5 , 26.5 , ;
-5.0 , -4.0 , -3.0 , -2.0 , -1.0 , 0.0 , 1.0 , 2.0 , 3.0 , 4.0 , 5.0 , 6.0 , 7.0 , 8.0 , 9.0 , 10.0 , 11.0 , 12.0 , 13.0 , 14.0 , 15.0 , 16.0 , 17.0 , 18.0 , 19.0 , 20.0 , 21.0 , 22.0 , 23.0 , 24.0 , 25.0 , 26.0 , ;
-5.5 , -4.5 , -3.5 , -2.5 , -1.5 , -0.5 , 0.5 , 1.5 , 2.5 , 3.5 , 4.5 , 5.5 , 6.5 , 7.5 , 8.5 , 9.5 , 10.5 , 11.5 , 12.5 , 13.5 , 14.5 , 15.5 , 16.5 , 17.5 , 18.5 , 19.5 , 20.5 , 21.5 , 22.5 , 23.5 , 24.5 , 25.5 , ;
-6.0 , -5.0 , -4.0 , -3.0 , -2.0 , -1.0 , 0.0 , 1.0 , 2.0 , 3.0 , 4.0 , 5.0 , 6.0 , 7.0 , 8.0 , 9.0 , 10.0 , 11.0 , 12.0 , 13.0 , 14.0 , 15.0 , 16.0 , 17.0 , 18.0 , 19.0 , 20.0 , 21.0 , 22.0 , 23.0 , 24.0 , 25.0 , ;
-6.5 , -5.5 , -4.5 , -3.5 , -2.5 , -1.5 , -0.5 , 0.5 , 1.5 , 2.5 , 3.5 , 4.5 , 5.5 , 6.5 , 7.5 , 8.5 , 9.5 , 10.5 , 11.5 , 12.5 , 13.5 , 14.5 , 15.5 , 16.5 , 17.5 , 18.5 , 19.5 , 20.5 , 21.5 , 22.5 , 23.5 , 24.5 , ;
-7.0 , -6.0 , -5.0 , -4.0 , -3.0 , -2.0 , -1.0 , 0.0 , 1.0 , 2.0 , 3.0 , 4.0 , 5.0 , 6.0 , 7.0 , 8.0 , 9.0 , 10.0 , 11.0 , 12.0 , 13.0 , 14.0 , 15.0 , 16.0 , 17.0 , 18.0 , 19.0 , 20.0 , 21.0 , 22.0 , 23.0 , 24.0 , ;
-7.5 , -6.5 , -5.5 , -4.5 , -3.5 , -2.5 , -1.5 , -0.5 , 0.5 , 1.5 , 2.5 , 3.5 , 4.5 , 5.5 , 6.5 , 7.5 , 8.5 , 9.5 , 10.5 , 11.5 , 12.5 , 13.5 , 14.5 , 15.5 , 16.5 , 17.5 , 18.5 , 19.5 , 20.5 , 21.5 , 22.5 , 23.5 , ;
]
yn = [
0.0 , 0.0 , 0.0 , 0.0 , 0.0 , 0.0 , 0.0 , 0.0 , 0.0 , 0.0 , 0.0 , 0.0 , 0.0 , 0.0 , 0.0 , 0.0 , 0.0 , 0.0 , 0.0 , 0.0 , 0.0 , 0.0 , 0.0 , 0.0 , 0.0 , 0.0 , 0.0 , 0.0 , 0.0 , 0.0 , 0.0 , 0.0 , ;
-0.8660254037844386 , -0.8660254037844386 , -0.8660254037844386 , -0.8660254037844386 , -0.8660254037844386 , -0.8660254037844386 , -0.8660254037844386 , -0.8660254037844386 , -0.8660254037844386 , -0.8660254037844386 , -0.8660254037844386 , -0.8660254037844386 , -0.8660254037844386 , -0.8660254037844386 , -0.8660254037844386 , -0.8660254037844386 , -0.8660254037844386 , -0.8660254037844386 , -0.8660254037844386 , -0.8660254037844386 , -0.8660254037844386 , -0.8660254037844386 , -0.8660254037844386 , -0.8660254037844386 , -0.8660254037844386 , -0.8660254037844386 , -0.8660254037844386 , -0.8660254037844386 , -0.8660254037844386 , -0.8660254037844386 , -0.8660254037844386 , -0.8660254037844386 , ;
-1.7320508075688772 , -1.7320508075688772 , -1.7320508075688772 , -1.7320508075688772 , -1.7320508075688772 , -1.7320508075688772 , -1.7320508075688772 , -1.7320508075688772 , -1.7320508075688772 , -1.7320508075688772 , -1.7320508075688772 , -1.7320508075688772 , -1.7320508075688772 , -1.7320508075688772 , -1.7320508075688772 , -1.7320508075688772 , -1.7320508075688772 , -1.7320508075688772 , -1.7320508075688772 , -1.7320508075688772 , -1.7320508075688772 , -1.7320508075688772 , -1.7320508075688772 , -1.7320508075688772 , -1.7320508075688772 , -1.7320508075688772 , -1.7320508075688772 , -1.7320508075688772 , -1.7320508075688772 , -1.7320508075688772 , -1.7320508075688772 , -1.7320508075688772 , ;
-2.598076211353316 , -2.598076211353316 , -2.598076211353316 , -2.598076211353316 , -2.598076211353316 , -2.598076211353316 , -2.598076211353316 , -2.598076211353316 , -2.598076211353316 , -2.598076211353316 , -2.598076211353316 , -2.598076211353316 , -2.598076211353316 , -2.598076211353316 , -2.598076211353316 , -2.598076211353316 , -2.598076211353316 , -2.598076211353316 , -2.598076211353316 , -2.598076211353316 , -2.598076211353316 , -2.598076211353316 , -2.598076211353316 , -2.598076211353316 , -2.598076211353316 , -2.598076211353316 , -2.598076211353316 , -2.598076211353316 , -2.598076211353316 , -2.598076211353316 , -2.598076211353316 , -2.598076211353316 , ;
-3.4641016151377544 , -3.4641016151377544 , -3.4641016151377544 , -3.4641016151377544 , -3.4641016151377544 , -3.4641016151377544 , -3.4641016151377544 , -3.4641016151377544 , -3.4641016151377544 , -3.4641016151377544 , -3.4641016151377544 , -3.4641016151377544 , -3.4641016151377544 , -3.4641016151377544 , -3.4641016151377544 , -3.4641016151377544 , -3.4641016151377544 , -3.4641016151377544 , -3.4641016151377544 , -3.4641016151377544 , -3.4641016151377544 , -3.4641016151377544 , -3.4641016151377544 , -3.4641016151377544 , -3.4641016151377544 , -3.4641016151377544 , -3.4641016151377544 , -3.4641016151377544 , -3.4641016151377544 , -3.4641016151377544 , -3.4641016151377544 , -3.4641016151377544 , ;
-4.330127018922193 , -4.330127018922193 , -4.330127018922193 , -4.330127018922193 , -4.330127018922193 , -4.330127018922193 , -4.330127018922193 , -4.330127018922193 , -4.330127018922193 , -4.330127018922193 , -4.330127018922193 , -4.330127018922193 , -4.330127018922193 , -4.330127018922193 , -4.330127018922193 , -4.330127018922193 , -4.330127018922193 , -4.330127018922193 , -4.330127018922193 , -4.330127018922193 , -4.330127018922193 , -4.330127018922193 , -4.330127018922193 , -4.330127018922193 , -4.330127018922193 , -4.330127018922193 , -4.330127018922193 , -4.330127018922193 , -4.330127018922193 , -4.330127018922193 , -4.330127018922193 , -4.330127018922193 , ;
-5.196152422706632 , -5.196152422706632 , -5.196152422706632 , -5.196152422706632 , -5.196152422706632 , -5.196152422706632 , -5.196152422706632 , -5.196152422706632 , -5.196152422706632 , -5.196152422706632 , -5.196152422706632 , -5.196152422706632 , -5.196152422706632 , -5.196152422706632 , -5.196152422706632 , -5.196152422706632 , -5.196152422706632 , -5.196152422706632 , -5.196152422706632 , -5.196152422706632 , -5.196152422706632 , -5.196152422706632 , -5.196152422706632 , -5.196152422706632 , -5.196152422706632 , -5.196152422706632 , -5.196152422706632 , -5.196152422706632 , -5.196152422706632 , -5.196152422706632 , -5.196152422706632 , -5.196152422706632 , ;
-6.06217782649107 , -6.06217782649107 , -6.06217782649107 , -6.06217782649107 , -6.06217782649107 , -6.06217782649107 , -6.06217782649107 , -6.06217782649107 , -6.06217782649107 , -6.06217782649107 , -6.06217782649107 , -6.06217782649107 , -6.06217782649107 , -6.06217782649107 , -6.06217782649107 , -6.06217782649107 , -6.06217782649107 , -6.06217782649107 , -6.06217782649107 , -6.06217782649107 , -6.06217782649107 , -6.06217782649107 , -6.06217782649107 , -6.06217782649107 , -6.06217782649107 , -6.06217782649107 , -6.06217782649107 , -6.06217782649107 , -6.06217782649107 , -6.06217782649107 , -6.06217782649107 , -6.06217782649107 , ;
-6.928203230275509 , -6.928203230275509 , -6.928203230275509 , -6.928203230275509 , -6.928203230275509 , -6.928203230275509 , -6.928203230275509 , -6.928203230275509 , -6.928203230275509 , -6.928203230275509 , -6.928203230275509 , -6.928203230275509 , -6.928203230275509 , -6.928203230275509 , -6.928203230275509 , -6.928203230275509 , -6.928203230275509 , -6.928203230275509 , -6.928203230275509 , -6.928203230275509 , -6.928203230275509 , -6.928203230275509 , -6.928203230275509 , -6.928203230275509 , -6.928203230275509 , -6.928203230275509 , -6.928203230275509 , -6.928203230275509 , -6.928203230275509 , -6.928203230275509 , -6.928203230275509 , -6.928203230275509 , ;
-7.794228634059947 , -7.794228634059947 , -7.794228634059947 , -7.794228634059947 , -7.794228634059947 , -7.794228634059947 , -7.794228634059947 , -7.794228634059947 , -7.794228634059947 , -7.794228634059947 , -7.794228634059947 , -7.794228634059947 , -7.794228634059947 , -7.794228634059947 , -7.794228634059947 , -7.794228634059947 , -7.794228634059947 , -7.794228634059947 , -7.794228634059947 , -7.794228634059947 , -7.794228634059947 , -7.794228634059947 , -7.794228634059947 , -7.794228634059947 , -7.794228634059947 , -7.794228634059947 , -7.794228634059947 , -7.794228634059947 , -7.794228634059947 , -7.794228634059947 , -7.794228634059947 , -7.794228634059947 , ;
-8.660254037844386 , -8.660254037844386 , -8.660254037844386 , -8.660254037844386 , -8.660254037844386 , -8.660254037844386 , -8.660254037844386 , -8.660254037844386 , -8.660254037844386 , -8.660254037844386 , -8.660254037844386 , -8.660254037844386 , -8.660254037844386 , -8.660254037844386 , -8.660254037844386 , -8.660254037844386 , -8.660254037844386 , -8.660254037844386 , -8.660254037844386 , -8.660254037844386 , -8.660254037844386 , -8.660254037844386 , -8.660254037844386 , -8.660254037844386 , -8.660254037844386 , -8.660254037844386 , -8.660254037844386 , -8.660254037844386 , -8.660254037844386 , -8.660254037844386 , -8.660254037844386 , -8.660254037844386 , ;
-9.526279441628825 , -9.526279441628825 , -9.526279441628825 , -9.526279441628825 , -9.526279441628825 , -9.526279441628825 , -9.526279441628825 , -9.526279441628825 , -9.526279441628825 , -9.526279441628825 , -9.526279441628825 , -9.526279441628825 , -9.526279441628825 , -9.526279441628825 , -9.526279441628825 , -9.526279441628825 , -9.526279441628825 , -9.526279441628825 , -9.526279441628825 , -9.526279441628825 , -9.526279441628825 , -9.526279441628825 , -9.526279441628825 , -9.526279441628825 , -9.526279441628825 , -9.526279441628825 , -9.526279441628825 , -9.526279441628825 , -9.526279441628825 , -9.526279441628825 , -9.526279441628825 , -9.526279441628825 , ;
-10.392304845413264 , -10.392304845413264 , -10.392304845413264 , -10.392304845413264 , -10.392304845413264 , -10.392304845413264 , -10.392304845413264 , -10.392304845413264 , -10.392304845413264 , -10.392304845413264 , -10.392304845413264 , -10.392304845413264 , -10.392304845413264 , -10.392304845413264 , -10.392304845413264 , -10.392304845413264 , -10.392304845413264 , -10.392304845413264 , -10.392304845413264 , -10.392304845413264 , -10.392304845413264 , -10.392304845413264 , -10.392304845413264 , -10.392304845413264 , -10.392304845413264 , -10.392304845413264 , -10.392304845413264 , -10.392304845413264 , -10.392304845413264 , -10.392304845413264 , -10.392304845413264 , -10.392304845413264 , ;
-11.258330249197702 , -11.258330249197702 , -11.258330249197702 , -11.258330249197702 , -11.258330249197702 , -11.258330249197702 , -11.258330249197702 , -11.258330249197702 , -11.258330249197702 , -11.258330249197702 , -11.258330249197702 , -11.258330249197702 , -11.258330249197702 , -11.258330249197702 , -11.258330249197702 , -11.258330249197702 , -11.258330249197702 , -11.258330249197702 , -11.258330249197702 , -11.258330249197702 , -11.258330249197702 , -11.258330249197702 , -11.258330249197702 , -11.258330249197702 , -11.258330249197702 , -11.258330249197702 , -11.258330249197702 , -11.258330249197702 , -11.258330249197702 , -11.258330249197702 , -11.258330249197702 , -11.258330249197702 , ;
-12.12435565298214 , -12.12435565298214 , -12.12435565298214 , -12.12435565298214 , -12.12435565298214 , -12.12435565298214 , -12.12435565298214 , -12.12435565298214 , -12.12435565298214 , -12.12435565298214 , -12.12435565298214 , -12.12435565298214 , -12.12435565298214 , -12.12435565298214 , -12.12435565298214 , -12.12435565298214 , -12.12435565298214 , -12.12435565298214 , -12.12435565298214 , -12.12435565298214 , -12.12435565298214 , -12.12435565298214 , -12.12435565298214 , -12.12435565298214 , -12.12435565298214 , -12.12435565298214 , -12.12435565298214 , -12.12435565298214 , -12.12435565298214 , -12.12435565298214 , -12.12435565298214 , -12.12435565298214 , ;
-12.990381056766578 , -12.990381056766578 , -12.990381056766578 , -12.990381056766578 , -12.990381056766578 , -12.990381056766578 , -12.990381056766578 , -12.990381056766578 , -12.990381056766578 , -12.990381056766578 , -12.990381056766578 , -12.990381056766578 , -12.990381056766578 , -12.990381056766578 , -12.990381056766578 , -12.990381056766578 , -12.990381056766578 , -12.990381056766578 , -12.990381056766578 , -12.990381056766578 , -12.990381056766578 , -12.990381056766578 , -12.990381056766578 , -12.990381056766578 , -12.990381056766578 , -12.990381056766578 , -12.990381056766578 , -12.990381056766578 , -12.990381056766578 , -12.990381056766578 , -12.990381056766578 , -12.990381056766578 , ;
]
px = [
0.875 , 1.1171875 , 1.1015625 , 1.1484375 , 0.84375 , 1.2265625 , 0.2109375 , 1.34375 , 1.0625 , 1.3828125 , 1.140625 , 0.4843750000000001 , -0.03124999999999998 , 1.1171875 , 1.109375 , 0.5 , 1.4609375 , 1.109375 , 1.0859375 , 1.2109375 , 0.859375 , 1.421875 , 0.8828125 , 0.953125 , 1.2578125 , 1.1484375 , 1.15625 , 0.9375 , 0.8984375 , 1.109375 , 0.7734375 , 0.390625 , ;
1.2734375 , 1.2578125 , 1.2109375 , 0.8359375 , 1.53125 , 0.5703125 , 0.8984375 , 0.796875 , 0.953125 , 1.0703125 , 0.703125 , 1.203125 , 1.3671875 , 1.1875 , 1.1484375 , 1.34375 , 0.3593750000000001 , 1.0390625 , 1.3984375 , 1.3125 , 1.296875 , 0.8359375 , 0.9453125 , 0.6953125 , 0.515625 , 0.84375 , 0.32031249999999994 , 1.0703125 , 1.296875 , 1.4296875 , 1.046875 , 1.1015625 , ;
1.0390625 , 0.796875 , 1.2109375 , 1.265625 , 1.109375 , 1.1328125 , 0.6640625 , 0.9609375 , 0.6953125 , 1.15625 , 1.015625 , 0.78125 , 1.1796875 , 0.921875 , 1.2734375 , 0.9765625 , 1.1171875 , 0.27343749999999994 , 1.21875 , 1.0390625 , 1.5234375 , 1.1328125 , 0.875 , 1.15625 , 1.1484375 , 1.1953125 , 1.3203125 , 0.8984375 , 1.0859375 , 1.2421875 , 0.5 , 1.0078125 , ;
1.0859375 , 0.921875 , 1.0703125 , 1.1328125 , 0.96875 , 0.46875 , 0.90625 , 0.859375 , 1.0 , 0.9921875 , 1.0703125 , 1.4296875 , 1.5234375 , 1.4140625 , 0.90625 , 0.2890625 , 1.046875 , 0.7734375 , 1.3671875 , 1.140625 , 1.265625 , 1.2109375 , 1.125 , 1.1875 , 1.265625 , 1.1640625 , 0.7109375 , 0.734375 , 1.0859375 , 1.375 , 1.046875 , 0.9921875 , ;
0.6875 , 0.828125 , 1.078125 , 0.5234375 , 0.23437499999999997 , 1.203125 , 1.453125 , 0.609375 , 0.03906250000000005 , 1.109375 , 1.2578125 , 0.28906250000000006 , -0.023437499999999976 , 0.14062499999999994 , 0.2734375000000001 , 1.0546875 , 0.23437500000000003 , 1.109375 , 0.4609375 , 0.6875 , 0.578125 , 0.9453125 , 1.1953125 , 0.8671875 , 1.265625 , 0.3125 , 1.1328125 , 0.625 , 0.6796875 , 1.171875 , 1.328125 , 1.375 , ;
0.3671875 , 1.25 , 1.2265625 , 1.1640625 , 0.8125 , 0.5390625 , 0.5468750000000001 , 1.3203125 , 0.00781250000000005 , 0.8671875 , 1.125 , 0.328125 , -0.0234375 , -0.03125000000000003 , 0.7109375 , 0.5390625 , 0.953125 , 0.640625 , 1.2265625 , 1.03125 , 1.3203125 , 1.171875 , 0.5 , 0.9921875 , 1.3125 , 0.7734375 , 1.4453125 , 1.53125 , 1.28125 , 0.9609375 , 1.4609375 , 0.7265625 , ;
1.3125 , 1.4609375 , 0.375 , 0.8828125 , 1.0234375 , 0.3671875 , 1.234375 , 1.4140625 , 1.359375 , 1.2578125 , 0.921875 , 1.1328125 , -0.09374999999999994 , 0.015625 , 0.3671875 , 1.546875 , 1.1328125 , 0.3359375000000001 , 1.3984375 , 1.015625 , 0.7734375 , 0.8515625 , 0.96875 , 0.8203125 , 0.5078125 , 0.8125 , 0.4609375 , 1.0625 , 0.921875 , 0.96875 , 0.9765625 , 1.15625 , ;
1.296875 , 1.125 , 1.046875 , 0.2578125000000001 , 0.796875 , 0.84375 , 1.2734375 , 1.296875 , 0.859375 , 0.921875 , 0.796875 , 0.9765625 , 0.46875 , -0.109375 , 0.0 , 1.0625 , 0.3046874999999999 , 1.625 , 0.9453125 , 0.6171875 , 0.90625 , 1.15625 , 1.0390625 , 1.203125 , 0.0546875 , 0.65625 , 0.7578125 , 1.1484375 , 1.2109375 , 1.46875 , 0.8359375 , 0.8359375 , ;
0.8359375 , 0.5 , 0.5078125 , -0.546875 , 0.7734375 , 0.9765625 , 0.75 , 0.9140625 , 0.1875000000000001 , 1.5234375 , 1.2890625 , 0.7890625 , 1.0546875 , 0.40625 , 0.078125 , 0.953125 , -0.1484375 , 0.625 , 0.171875 , 0.390625 , 1.015625 , 1.1796875 , 0.828125 , 1.1484375 , 0.765625 , 1.1640625 , 0.7265625 , 1.3515625 , 1.078125 , 0.9140625 , 0.9921875 , 1.0546875 , ;
1.0703125 , 1.4140625 , 1.453125 , 0.515625 , 1.25 , 0.9765625 , 0.6796875 , 0.78125 , 0.984375 , 1.015625 , 0.9921875 , 0.828125 , -0.031249999999999903 , 1.1640625 , -0.1953125 , 0.0625 , 0.21874999999999997 , 0.5 , 0.8828125 , 0.9921875 , 0.9765625 , 1.3203125 , 1.421875 , 1.515625 , 1.0859375 , 1.453125 , 0.3046875 , 0.7265625 , 0.8203125 , 0.8984375 , 1.2578125 , 1.046875 , ;
0.453125 , 0.7734375 , 0.6953125 , -0.007812500000000014 , 1.078125 , 0.3984375 , 1.1953125 , 0.9140625 , 0.671875 , 0.953125 , 0.65625 , 1.078125 , 1.078125 , 0.9453125 , 0.453125 , -0.03125 , 0.59375 , -0.28125 , 0.5546875 , 0.9609375 , 0.765625 , 0.8671875 , 0.40625 , -0.2421875 , 0.5703125 , 1.0 , 0.78125 , 1.53125 , 1.2734375 , 1.25 , 1.2265625 , 0.41406250000000006 , ;
1.03125 , 0.828125 , 1.2265625 , 1.125 , -0.2265625 , 0.9765625 , 1.3359375 , 0.78125 , 1.0859375 , 1.2109375 , 1.09375 , 1.40625 , 0.390625 , 1.3046875 , 0.1328125 , -0.0859375 , 0.1953125 , -0.3984375 , 0.24999999999999994 , 0.11718749999999999 , 1.484375 , 1.171875 , 1.4921875 , 1.1953125 , 0.234375 , 0.625 , 0.5078125 , 1.2421875 , 0.5234375 , 1.5234375 , 1.1640625 , 0.609375 , ;
0.59375 , 0.9765625 , 0.7265625 , 1.09375 , 1.15625 , 1.234375 , 1.1875 , 1.1484375 , 0.984375 , 1.0625 , 1.1640625 , 1.0390625 , 0.8359375 , 0.9921875 , 0.6328125 , 0.859375 , 0.546875 , 1.0390625 , 0.875 , 0.5703125 , 1.3671875 , 1.25 , 0.8125 , 0.875 , 0.921875 , 0.859375 , 0.9765625 , 0.6875 , 1.2734375 , 1.09375 , 0.9921875 , 0.21875 , ;
0.484375 , 0.8515625 , 0.796875 , 0.6250000000000001 , 0.71875 , 1.109375 , 0.8671875 , -0.328125 , 0.7109375 , 0.5546875 , 1.2578125 , 0.7578125 , 1.125 , 1.0546875 , 0.359375 , -0.59375 , -0.5078125 , -0.234375 , 0.7578125 , 0.75 , 0.8203125 , 0.859375 , 1.0078125 , 1.0625 , 0.9375 , 1.2265625 , 1.4296875 , 1.2421875 , 1.1796875 , 1.375 , 0.984375 , 0.0859375 , ;
1.2421875 , 1.203125 , 1.203125 , 1.2265625 , 1.2421875 , 0.921875 , 1.2421875 , 1.34375 , 0.4375 , 0.7890625 , 0.875 , 0.453125 , 0.6796875 , 0.8125 , -0.2109375 , 0.8671875 , 0.859375 , 1.078125 , 0.7890625 , 0.6875 , 0.4140625 , 0.8515625 , 1.25 , 0.6328125 , 0.9375 , 0.875 , 1.21875 , 1.46875 , 1.125 , 1.2421875 , 0.9140625 , -0.28125 , ;
0.953125 , 0.8984375 , 0.984375 , 1.265625 , 1.2265625 , 0.5703125 , 0.7421875 , 1.1953125 , 1.015625 , 0.890625 , 0.2968750000000001 , 0.9921875 , 0.921875 , 1.1640625 , 0.8515625 , 1.09375 , 1.125 , 1.40625 , 1.296875 , 1.1875 , 0.4375000000000002 , 0.8046875 , 1.3984375 , 0.0625 , 0.6953125 , 1.0625 , 1.046875 , 1.078125 , 1.34375 , 0.21093749999999997 , 0.41406250000000017 , 0.234375 , ;
]
py = [
-0.054126562500000065 , -0.4465441406250001 , -0.2841644531250001 , -0.5547972656250002 , -0.24356953125000008 , -0.1488480468750001 , -0.365354296875 , 0.05412656249999984 , -0.10825312500000007 , -0.013531640625000077 , 0.18944296874999986 , 1.1095945312500002 , 0.8118984375000001 , 0.1759113281249999 , 0.4059492187499999 , 1.2719742187500003 , 0.28416445312499994 , -0.24356953125000014 , -0.06765820312500007 , -0.25710117187500015 , 0.67658203125 , -0.0811898437500001 , -0.7983667968750001 , -0.3518226562500001 , -0.28416445312500016 , 0.14884804687499992 , 0.1623796874999999 , -0.21650625000000012 , -0.09472148437500007 , -0.40594921875000023 , -0.5006707031250002 , -0.21650625000000007 , ;
0.06765820312499995 , -0.013531640625000105 , 0.0676582031249999 , -0.4194808593750001 , 0.10825312499999992 , 1.3125691406250002 , -0.5006707031250002 , 1.0013414062500003 , -0.5683289062500002 , -0.5547972656250002 , -0.35182265625000014 , 0.27063281249999993 , -0.17591132812500015 , 0.10825312499999996 , 0.06765820312499995 , -0.16237968750000015 , 0.8660250000000002 , -0.28416445312500005 , -0.25710117187500015 , -0.10825312500000013 , 0.10825312499999992 , 0.013531640624999952 , 1.014873046875 , -0.3112277343750001 , 1.4072906250000004 , -0.6765820312500002 , -0.7983667968750001 , -0.4194808593750001 , -0.29769609375000006 , -0.09472148437500015 , -0.6765820312500002 , -0.3924175781250002 , ;
-0.06765820312500018 , 1.0284046875000001 , 0.06765820312499995 , -0.24356953125000014 , -1.249000902703301e-16 , -0.23003789062500016 , 0.013531640624999952 , -0.3382910156250002 , -0.7171769531250002 , -0.40594921875000023 , 0.5412656250000001 , -0.27063281250000004 , 0.17591132812499993 , 1.0013414062500001 , -0.013531640625000119 , -0.4465441406250001 , -0.2841644531250001 , -0.36535429687500015 , 0.054126562499999906 , -0.06765820312500004 , 0.17591132812499993 , -0.3112277343750002 , 0.24356953125000003 , 0.21650624999999996 , -0.3112277343750001 , -0.3382910156250002 , 0.12178476562499985 , -0.12178476562500004 , -0.3653542968750001 , -0.2029746093750001 , -0.08118984375000002 , 0.202974609375 , ;
-0.3653542968750001 , 0.7848351562500001 , -0.33829101562500014 , -0.5547972656250002 , -0.3788859375000001 , -0.10825312499999999 , -0.2706328125000001 , -0.16237968750000004 , -0.5142023437500001 , -0.5006707031250002 , 0.09472148437499993 , -0.09472148437500016 , -0.06765820312500015 , -0.23003789062500007 , 0.24356953124999992 , -0.31122773437500006 , -0.27063281250000015 , -0.04059492187500008 , -0.20297460937500003 , -0.02706328125000007 , -0.21650625000000012 , -0.36535429687500026 , -0.48713906250000016 , -0.054126562500000044 , -0.05412656250000003 , -0.5006707031250002 , -0.44654414062500003 , -0.27063281250000015 , -0.6089238281250002 , -0.1353164062500001 , -0.08118984375000007 , -0.41948085937500007 , ;
-0.5142023437500001 , 0.9201515625000001 , 0.027063281249999863 , 1.0419363281250003 , -0.8118984375000002 , -0.35182265625000014 , 0.08118984374999991 , -0.05412656250000004 , 0.6359871093750001 , -1.6653345369377348e-16 , 0.2029746093749999 , 0.8795566406250002 , 0.06765820312500001 , -0.5953921875000001 , 1.2584425781250004 , -0.31122773437500006 , 1.1095945312500002 , 0.027063281249999904 , 0.9336832031250002 , -0.3788859375000001 , -0.5953921875 , -0.04059492187500008 , -0.17591132812500002 , 0.7171769531250001 , -0.08118984375000013 , 0.7577718750000001 , -0.28416445312500016 , -0.3247593750000001 , -0.3924175781250001 , -0.05412656250000006 , 0.18944296874999994 , 0.027063281249999904 , ;
0.9066199218750002 , 0.13531640624999988 , -0.17591132812500007 , 0.06765820312499995 , -0.32475937500000013 , -0.0676582031250001 , 1.2178476562500002 , -0.12178476562500008 , 0.9607464843750002 , 1.0960628906250003 , 0.18944296874999988 , -0.3247593750000001 , 0.04059492187500002 , -0.4330125000000001 , 0.013531640625000008 , 0.5818605468750001 , 1.0554679687500002 , -0.2435695312500001 , -0.23003789062500013 , -0.21650625000000018 , 0.094721484375 , -0.08118984375000002 , 1.0825312500000002 , -0.28416445312500005 , -0.37888593750000016 , -0.5547972656250002 , -0.3382910156250002 , -0.27063281250000015 , -0.08118984375000007 , -0.36535429687500004 , 0.28416445312499994 , -0.20297460937500003 , ;
-0.1623796875000001 , -0.14884804687500017 , 0.7848351562500001 , -0.23003789062500013 , -0.04059492187500008 , 0.44654414062500014 , -0.18944296875000008 , -0.06765820312500015 , -0.32475937500000013 , 0.257101171875 , -0.027063281250000043 , 0.419480859375 , 0.6765820312500002 , 0.0 , 0.6089238281250001 , -0.29769609375000017 , -0.5818605468750002 , 1.0148730468750002 , -0.04059492187500004 , -0.4059492187500001 , 1.2313792968750001 , -0.39241757812500005 , -0.35182265625000014 , -0.5277339843750001 , 0.2029746093749999 , -0.5412656250000001 , 1.177252734375 , -0.29769609375000006 , -0.7848351562500002 , -0.24356953125000008 , -0.3653542968750001 , -0.21650625000000012 , ;
-0.08118984375000016 , -0.2165062500000001 , -0.08118984375000012 , 1.0419363281250003 , -0.7848351562500001 , 1.0554679687500002 , -0.040594921875000065 , -0.29769609375000006 , -0.16237968750000006 , -0.2976960937500001 , -0.5953921875000001 , -0.5006707031250002 , -0.054126562499999975 , 0.027063281250000012 , -0.13531640625000002 , 0.4871390625 , -0.9336832031250002 , -1.5265566588595902e-16 , 0.31122773437499995 , -0.4194808593750001 , -0.05412656250000006 , -0.2706328125000001 , -0.44654414062500014 , -0.29769609375000006 , 0.013531640624999966 , -0.4871390625000001 , 1.2855058593750002 , -0.04059492187500005 , -0.17591132812500013 , -0.2165062500000002 , -0.5818605468750001 , 0.12178476562499993 , ;
-0.36535429687500015 , -0.6495187500000001 , -0.28416445312500005 , 0.64951875 , 1.0419363281250003 , -0.2841644531250001 , -0.2706328125000001 , -0.1217847656250001 , 1.0825312500000002 , 0.20297460937499986 , -0.25710117187500015 , -0.5277339843750002 , -0.5006707031250002 , -0.27063281250000004 , 0.02706328125 , 0.08118984374999995 , -0.3924175781250001 , 0.027063281249999925 , -0.29769609375 , -0.05412656250000006 , -0.37888593750000016 , -0.20297460937500006 , 1.2449109375000003 , -0.4194808593750001 , -0.8118984375000002 , -0.0676582031250001 , -0.3653542968750001 , 0.04059492187499991 , -0.1353164062500001 , -0.1759113281250001 , -0.6359871093750002 , -0.3112277343750001 , ;
-0.1217847656250001 , -0.2841644531250002 , 0.0811898437499999 , -0.29769609375000006 , 0.24356953124999992 , 0.41948085937500007 , -0.09472148437500005 , 1.0554679687500002 , 0.24356953124999992 , 0.13531640625 , -0.2571011718750001 , -0.8389617187500001 , 0.9201515625000003 , -0.28416445312500016 , 0.09472148437500003 , -0.13531640625000002 , -0.3788859375000001 , -0.5953921875000001 , -0.4194808593750002 , -0.2841644531250001 , 1.3396324218750002 , -0.33829101562500014 , -0.13531640625000016 , 0.40594921874999984 , -0.2300378906250001 , 0.0811898437499999 , -0.3653542968750001 , -0.4194808593750002 , -0.12178476562500008 , -0.3112277343750002 , -0.013531640625000119 , -0.08118984375000005 , ;
1.1637210937500002 , -0.23003789062500007 , -0.9607464843750002 , -0.9336832031250002 , -0.10825312500000012 , -0.4465441406250001 , -0.14884804687500014 , -0.14884804687500006 , -0.40594921875000006 , -0.13531640625000008 , -0.27063281250000004 , 0.05412656249999995 , -0.5142023437500002 , -0.2571011718750001 , -0.27063281250000004 , 0.0 , 0.054126562499999885 , -0.35182265625000003 , 1.2313792968750004 , -0.3653542968750001 , -0.24356953125000008 , -0.41948085937500007 , 1.0284046875000001 , -0.8795566406250002 , -0.09472148437500011 , 2.7755575615628914e-17 , 0.10825312499999992 , 0.1623796874999999 , -0.25710117187500015 , -8.326672684688674e-17 , -0.39241757812500017 , 1.2313792968750001 , ;
0.027063281249999953 , -0.21650625000000004 , -0.17591132812500013 , -0.5142023437500001 , 0.5547972656250001 , -0.1759113281250001 , 0.09472148437499989 , 1.0284046875000001 , -0.20297460937500006 , 0.2841644531249998 , -0.40594921875000006 , 0.16237968749999993 , -0.7848351562500001 , -0.28416445312500016 , -0.5006707031250002 , 0.04059492187500004 , 0.20297460937500006 , -0.419480859375 , -0.43301250000000013 , -0.36535429687500004 , -0.4059492187500002 , -0.7307085937500002 , 0.0676582031249999 , 0.09472148437499993 , 0.8930882812500002 , 1.0825312500000002 , 0.067658203125 , -0.5277339843750002 , -0.2571011718750001 , 0.17591132812499988 , 0.06765820312500001 , -0.21650625000000007 , ;
-0.027063281250000043 , -0.013531640625000035 , -0.3924175781250001 , 0.054126562499999975 , 0.16237968749999993 , 0.48713906249999994 , -0.18944296875000008 , -0.25710117187500015 , 0.13531640625 , 0.10825312499999992 , 0.23003789062499994 , -0.01353164062500007 , -0.44654414062500014 , -0.04059492187500006 , -0.44654414062500014 , -0.18944296875000008 , 0.13531640625000008 , -0.06765820312500011 , 0.16237968749999998 , 0.9607464843750001 , -0.41948085937500024 , -0.6495187500000001 , -0.3788859375000001 , 0.9201515625000002 , -0.2165062500000001 , -0.027063281250000043 , -0.1759113281250001 , 0.5412656250000001 , -0.23003789062500013 , 0.10825312499999995 , 1.3125691406250002 , 0.6495187500000001 , ;
-0.6224554687500001 , -0.12178476562500007 , -0.5142023437500001 , 1.2990375000000003 , -0.16237968750000006 , 0.24356953124999997 , 0.013531640624999904 , 1.0013414062500001 , -0.20297460937500006 , -0.14884804687500006 , -0.04059492187500014 , -0.23003789062500007 , -0.21650625000000007 , -0.3112277343750002 , 0.7577718750000001 , 0.6495187500000001 , 0.6630503906250002 , 0.7036453125000002 , -0.23003789062500013 , 0.2165062499999999 , -0.1217847656250001 , -0.5142023437500001 , -0.23003789062500007 , -0.46007578125000015 , -0.6224554687500001 , -0.01353164062500006 , -0.2029746093750001 , -0.20297460937500014 , 0.013531640624999907 , -0.21650625000000015 , -0.4330125000000001 , -0.5818605468750001 , ;
-0.4194808593750001 , 0.13531640624999997 , 0.24356953124999992 , 0.20297460937499992 , -0.20297460937500011 , 0.027063281250000043 , -0.20297460937500023 , 0.054126562499999906 , 0.7577718750000002 , -0.4194808593750001 , -0.21650625000000007 , 1.1907843750000002 , -0.5547972656250002 , 0.08118984374999993 , 0.5818605468750002 , -0.20297460937500006 , -0.5683289062500001 , 0.18944296874999988 , 0.013531640624999924 , -0.3247593750000001 , 1.0148730468750002 , -0.5277339843750001 , -0.027063281250000036 , -0.25710117187500003 , 0.8118984375 , -0.6495187500000001 , 0.48713906250000005 , -0.16237968750000015 , -0.2165062500000001 , -0.25710117187500015 , 1.014873046875 , 0.2706328125000001 , ;
0.2976960937499999 , -0.04059492187500006 , -0.1894429687500001 , -0.2435695312500001 , -0.17591132812500013 , 1.177252734375 , -0.25710117187500003 , -0.12178476562500011 , -0.027063281250000085 , -0.24356953125000008 , 1.2178476562500002 , 0.06765820312499987 , 0.9742781250000001 , -0.5006707031250002 , 0.608923828125 , -0.37888593750000016 , -0.43301250000000013 , -0.054126562500000086 , 0.027063281249999953 , -0.08118984375000007 , 1.4072906250000004 , -0.04059492187500004 , -0.0676582031250001 , -0.3788859375000001 , -0.5006707031250002 , -0.5412656250000001 , -0.5142023437500001 , 0.08118984374999995 , -0.16237968750000012 , -0.44654414062500003 , 1.2313792968750001 , -0.64951875 , ;
]
quiver(xn, yn, px, py)
